36.683 3.217   60390
58.874 5.665   01415
53.006 -1.251  03354
50.218 -5.327  03808
50.899 0.317   03882
52.099 5.180   06260
50.750 4.767   06458
46.812 6.943   06610
48.444 -4.412  07110
48.774 2.010   07145
44.831 -0.691  07510
43.857 4.406   07645
41.918 8.793   07761
43.367 -8.419  08001
43.492 -3.800  08023
41.662 -1.008  08160
40.467 -3.577  08221
38.003 -1.169  08430
54.533 9.550   10035
53.714 7.153   10113
54.098 13.408  10184
52.217 14.117  10393
51.406 6.969   10410
49.700 7.333   10618
48.833 9.200   10739
48.250 11.550  10868
48.249 16.356  11035
50.008 14.447  11520
49.033 20.317  11952
54.754 17.535  12120
52.408 20.956  12374
51.113 16.881  12425
47.433 19.183  12843
46.250 20.100  12982
44.767 20.417  13275
45.822 16.034  14240
46.038 13.188  16044
44.654 11.623  16144
40.517 22.967  16622
59.398 24.603  26038
57.650 18.350  02591
55.020 -1.882  03238
44.097 15.340  14430
39.610 2.710   08302
41.384 2.118   08190
45.461 9.283   16080
41.670 12.451  16245
40.660 17.957  16320
37.914 12.491  16429
54.883 23.835  26629
39.346 8.968   16546
51.938 -10.243 03953
54.500 -6.333  03918
48.240 14.191  11010
47.258 11.354  11120
46.988 15.442  11240
46.066 14.512  14015
56.293 9.114   06060
52.927 4.781   06235
52.733 7.333   10304 
